QB: 0.9844613900006538
RB: -0.1942520907390127
FB: -0.09588216800800481
WR: -0.9939536243250514
TE: 0.14056787120098121
OT: -0.6329086333249607
OG: -0.9879208695706223
C: -0.6889227946890288
DG: 0.05512692540052981
DT: -0.964235900707868
NT: -0.5694617198575649
ILB: 0.8968919248161056
OLB: 0.6648056493586227
MLB: 0.35759126946617903
CB: 0.788244322638789
FS: -0.8956374884122621
SS: -0.4888325594939237